175
13
17
19
23
26
29
31
34
37
38
39
41
43
46
47
51
52
53
57
58
59
61
62
65
67
68
69
71
73
74
76
78
79
82
83
85
86
87
88
89
91
92
93
94
95
97
99
101
102
103
104
106
107
109
110
111
113
114
115
116
117
118
119
121
122
123
124
127
129
130
131
132
133
134
136
137
138
139
141
142
143
145
146
148
149
151
152
153
154
155
156
157
158
159
161
163
164
165
166
167
169
170
171
172
173
174
176
177
178
179
181
182
183
184
185
186
187
188
190
191
193
194
195
196
197
198
199
200
201
202
203
204
205
206
207
208
209
211
212
213
214
215
217
218
219
220
221
222
223
225
226
227
228
229
230
231
232
233
234
235
236
237
238
239
240
241
242
243
244
246
247
248
249
250
251
